Solution for N=5: w=5 (bloat=0%)
[[0], [1], [4], [2], [3]]
Solution for N=10: w=13 (bloat=30%)
[[6], [0, 4], [9, 6], [0, 1], [8, 3], [2, 5], [1, 7]]
Solution for N=20: w=46 (bloat=130%)
[[8, 4, 7], [8, 16, 5], [18, 2, 15], [17, 18, 7], [1, 2, 9, 7], [17, 10, 1, 7], [1, 3, 4, 5], [16, 9, 19, 6], [0, 1, 2, 7], [1, 3, 13, 14], [0, 5, 11, 16, 17], [6, 9, 11, 12, 17]]
Solution for N=30: w=70 (bloat=133%)
[[17, 20, 6, 22], [0, 4, 7, 8, 23], [1, 3, 12, 20, 21], [3, 4, 8, 23, 28], [6, 7, 11, 21, 28], [5, 7, 25, 27, 29], [0, 6, 7, 24, 26], [0, 2, 6, 7, 16, 19], [6, 10, 18, 22, 28, 29], [2, 12, 13, 19, 21, 25], [2, 15, 17, 23, 24, 26], [0, 8, 12, 14, 25, 29], [0, 9, 14, 15, 18, 27]]
Solution for N=50: w=137 (bloat=174%)
[[34, 38, 47, 48, 19, 22, 24, 26], [34, 37, 7, 43, 47, 16, 23, 29], [1, 38, 42, 11, 44, 48, 17, 19], [4, 38, 7, 40, 9, 10, 43, 24, 27], [1, 3, 38, 7, 15, 19, 20, 23, 31], [2, 38, 44, 45, 14, 18, 26, 28, 30], [33, 7, 9, 10, 45, 14, 19, 20, 22], [2, 6, 8, 46, 16, 48, 23, 25, 27], [33, 35, 8, 13, 15, 16, 21, 24, 26], [4, 5, 40, 42, 44, 46, 49, 22, 29], [32, 33, 3, 4, 37, 5, 38, 10, 11, 30], [1, 36, 37, 44, 13, 48, 49, 24, 26, 30], [1, 36, 37, 5, 8, 41, 42, 25, 27, 29], [33, 34, 3, 39, 42, 12, 48, 23, 26, 29], [0, 1, 3, 37, 8, 11, 15, 16, 20, 22]]
Solution for N=100: w=332 (bloat=232%)
[[32, 1, 67, 68, 70, 8, 76, 14, 80, 49, 48, 19, 20, 54, 87, 59, 92], [64, 32, 2, 67, 69, 70, 5, 8, 44, 45, 46, 47, 49, 81, 60, 30, 95], [0, 96, 98, 36, 70, 41, 42, 12, 17, 83, 52, 20, 87, 25, 91, 60, 61], [97, 34, 65, 3, 70, 39, 71, 11, 13, 46, 45, 16, 52, 55, 23, 56, 57], [32, 65, 33, 99, 37, 73, 9, 11, 12, 14, 82, 19, 85, 58, 92, 29, 63], [32, 33, 2, 7, 71, 42, 12, 44, 46, 80, 50, 20, 88, 57, 27, 60, 95], [1, 98, 35, 5, 74, 11, 76, 15, 47, 50, 19, 20, 21, 88, 60, 63, 31], [64, 96, 34, 67, 36, 10, 43, 46, 47, 80, 19, 21, 53, 85, 91, 60, 31], [96, 1, 37, 43, 12, 76, 79, 48, 49, 51, 52, 84, 54, 83, 58, 59, 29], [32, 65, 66, 3, 68, 2, 97, 41, 77, 46, 15, 14, 19, 20, 24, 27, 94], [64, 35, 3, 69, 4, 71, 11, 75, 13, 77, 17, 86, 54, 27, 28, 29, 94, 31], [65, 66, 37, 38, 6, 76, 77, 14, 49, 50, 82, 84, 81, 24, 26, 63, 30, 95], [64, 98, 35, 36, 68, 7, 39, 10, 78, 80, 81, 50, 51, 19, 53, 54, 89, 91], [32, 1, 96, 99, 69, 75, 77, 79, 47, 81, 82, 92, 56, 25, 90, 28, 94, 95], [0, 65, 66, 2, 98, 35, 38, 70, 40, 71, 73, 4, 12, 17, 19, 88, 27, 28], [64, 97, 34, 3, 99, 72, 10, 76, 77, 78, 45, 16, 17, 61, 87, 23, 88, 29], [0, 65, 34, 98, 4, 73, 42, 81, 49, 83, 19, 85, 50, 89, 90, 61, 62, 63], [64, 96, 69, 37, 72, 73, 42, 43, 14, 82, 18, 85, 56, 90, 88, 60, 93, 94], [2, 36, 39, 72, 8, 77, 82, 50, 20, 18, 22, 23, 24, 87, 58, 93, 62, 63]]
